<?xml version="1.0"?>
<opencv_storage>
<calibration_Time>"02/24/16 19:39:45"</calibration_Time>
<nrOfFrames>11</nrOfFrames>
<image_Width>720</image_Width>
<image_Height>960</image_Height>
<board_Width>9</board_Width>
<board_Height>6</board_Height>
<square_Size>26.</square_Size>
<FixAspectRatio>1.</FixAspectRatio>
<!-- flags:  +fix_aspectRatio +fix_principal_point +zero_tangent_dist -->
<flagValue>14</flagValue>
<Camera_Matrix type_id="opencv-matrix">
  <rows>3</rows>
  <cols>3</cols>
  <dt>d</dt>
  <data>
    1.0677192809513808e+003 0. 3.5950000000000000e+002 0.
    1.0677192809513808e+003 4.7950000000000000e+002 0. 0. 1.</data></Camera_Matrix>
<Distortion_Coefficients type_id="opencv-matrix">
  <rows>5</rows>
  <cols>1</cols>
  <dt>d</dt>
  <data>
    6.1814421055794078e-001 -1.4117715105131083e+000 0. 0.
    -3.5460726738204627e+000</data></Distortion_Coefficients>
<Avg_Reprojection_Error>4.1327463013797621e+000</Avg_Reprojection_Error>
<Per_View_Reprojection_Errors type_id="opencv-matrix">
  <rows>11</rows>
  <cols>1</cols>
  <dt>f</dt>
  <data>
    4.45894289e+000 4.45894289e+000 6.72303391e+000 4.30793095e+000
    4.92796946e+000 1.95546675e+000 3.84921837e+000 3.74547529e+000
    3.12499380e+000 3.45537949e+000 2.38635254e+000</data></Per_View_Reprojection_Errors>
<!-- a set of 6-tuples (rotation vector + translation vector) for each view -->
<Extrinsic_Parameters type_id="opencv-matrix">
  <rows>11</rows>
  <cols>6</cols>
  <dt>d</dt>
  <data>
    -4.2869439929152459e-001 3.6943349695288175e-001
    2.1282765522000751e+000 7.7942730099329481e+001
    -6.1843223301956215e+001 6.8400854033122755e+002
    -4.2869439929152453e-001 3.6943349695288186e-001
    2.1282765522000751e+000 7.7942730099329466e+001
    -6.1843223301956208e+001 6.8400854033122744e+002
    -8.6650365047081738e-003 -6.9833018368386757e-001
    -2.8615983874221151e+000 1.0654172905642049e+002
    1.0922184323796236e+002 4.3978898136349767e+002
    -3.3097218221138769e-001 2.2823013119660540e-001
    1.5126492641724658e+000 5.7416810652935247e+001
    -1.7970835218202222e+002 6.9120228586544931e+002
    1.9889518188574498e-001 1.0999844794022200e-001
    1.9247818428370835e+000 9.5914570504730960e+001
    -8.5172009868887315e+001 4.1057801684615322e+002
    -9.3636184634024372e-002 -1.0968234959862616e-001
    1.8203612946319514e+000 8.0760989148959837e+001
    -1.3428328290549911e+002 5.4634569114519422e+002
    -2.5747331862641366e-002 5.7276478919601796e-002
    1.5503651813873827e+000 8.0026604201535605e+001
    -1.1360585555342689e+002 3.9485270077443096e+002
    1.4368972272838043e-001 2.7668645319568114e-001
    2.6903030470256315e+000 9.7294205529633587e+001
    1.2677265092366271e+001 4.6657251999688714e+002
    -2.5341377894577843e-001 1.4905131960889390e-001
    1.5909772986306940e+000 -2.1053506287843270e+001
    -1.5143981485281520e+002 6.7806363925782284e+002
    -2.1067006254954043e-001 -2.5682491567367804e-002
    1.4186688410844577e+000 6.2995175194788160e+001
    -1.3386365207695201e+002 4.4406492520658253e+002
    -2.7617170519590345e-001 6.4602684295612681e-002
    1.5815425476493441e+000 4.3662451974158614e+001
    -1.3015611007464554e+002 6.5996636108774749e+002</data></Extrinsic_Parameters>
<Image_points type_id="opencv-matrix">
  <rows>11</rows>
  <cols>54</cols>
  <dt>"2f"</dt>
  <data>
    4.80151917e+002 3.85326599e+002 4.60998322e+002 4.13668243e+002
    4.41368683e+002 4.42729614e+002 4.20996918e+002 4.72455200e+002
    4.00187775e+002 5.02538910e+002 3.78514130e+002 5.32768250e+002
    3.55218018e+002 5.64546631e+002 3.30668854e+002 5.96652527e+002
    3.04307068e+002 6.30813049e+002 4.46419403e+002 3.63080017e+002
    4.26372437e+002 3.91501038e+002 4.05608093e+002 4.20618927e+002
    3.84314331e+002 4.50570190e+002 3.62224030e+002 4.81325287e+002
    3.39428040e+002 5.11707153e+002 3.14909943e+002 5.43351929e+002
    2.89406647e+002 5.74745605e+002 2.61704651e+002 6.06701233e+002
    4.13338318e+002 3.39856537e+002 3.92406342e+002 3.68396118e+002
    3.70732208e+002 3.97628235e+002 3.48307556e+002 4.27992188e+002
    3.25316650e+002 4.58747040e+002 3.01416962e+002 4.89992493e+002
    2.76033905e+002 5.21772766e+002 2.49306274e+002 5.53373413e+002
    2.20347717e+002 5.85019836e+002 3.80582001e+002 3.15491882e+002
    3.58778168e+002 3.44125732e+002 3.36369812e+002 3.73521729e+002
    3.12900879e+002 4.03793060e+002 2.88809570e+002 4.35185913e+002
    2.64065094e+002 4.66880463e+002 2.37668228e+002 4.99480408e+002
    2.10177750e+002 5.31766296e+002 1.80278687e+002 5.63362488e+002
    3.48426727e+002 2.89968109e+002 3.25978516e+002 3.18494202e+002
    3.02496429e+002 3.47991638e+002 2.78259033e+002 3.78569214e+002
    2.53310898e+002 4.10148193e+002 2.27403046e+002 4.42351013e+002
    2.00195648e+002 4.75568665e+002 1.71794067e+002 5.08993713e+002
    1.41421005e+002 5.42201904e+002 3.15836761e+002 2.63776276e+002
    2.92597504e+002 2.92318420e+002 2.68536530e+002 3.21587372e+002
    2.43453430e+002 3.52071472e+002 2.17568069e+002 3.83378296e+002
    1.90827744e+002 4.15601990e+002 1.62619110e+002 4.49387238e+002
    1.33638763e+002 4.83848663e+002 1.02933075e+002 5.19074402e+002
    4.80151917e+002 3.85326599e+002 4.60998322e+002 4.13668243e+002
    4.41368683e+002 4.42729614e+002 4.20996918e+002 4.72455200e+002
    4.00187775e+002 5.02538910e+002 3.78514130e+002 5.32768250e+002
    3.55218018e+002 5.64546631e+002 3.30668854e+002 5.96652527e+002
    3.04307068e+002 6.30813049e+002 4.46419403e+002 3.63080017e+002
    4.26372437e+002 3.91501038e+002 4.05608093e+002 4.20618927e+002
    3.84314331e+002 4.50570190e+002 3.62224030e+002 4.81325287e+002
    3.39428040e+002 5.11707153e+002 3.14909943e+002 5.43351929e+002
    2.89406647e+002 5.74745605e+002 2.61704651e+002 6.06701233e+002
    4.13338318e+002 3.39856537e+002 3.92406342e+002 3.68396118e+002
    3.70732208e+002 3.97628235e+002 3.48307556e+002 4.27992188e+002
    3.25316650e+002 4.58747040e+002 3.01416962e+002 4.89992493e+002
    2.76033905e+002 5.21772766e+002 2.49306274e+002 5.53373413e+002
    2.20347717e+002 5.85019836e+002 3.80582001e+002 3.15491882e+002
    3.58778168e+002 3.44125732e+002 3.36369812e+002 3.73521729e+002
    3.12900879e+002 4.03793060e+002 2.88809570e+002 4.35185913e+002
    2.64065094e+002 4.66880463e+002 2.37668228e+002 4.99480408e+002
    2.10177750e+002 5.31766296e+002 1.80278687e+002 5.63362488e+002
    3.48426727e+002 2.89968109e+002 3.25978516e+002 3.18494202e+002
    3.02496429e+002 3.47991638e+002 2.78259033e+002 3.78569214e+002
    2.53310898e+002 4.10148193e+002 2.27403046e+002 4.42351013e+002
    2.00195648e+002 4.75568665e+002 1.71794067e+002 5.08993713e+002
    1.41421005e+002 5.42201904e+002 3.15836761e+002 2.63776276e+002
    2.92597504e+002 2.92318420e+002 2.68536530e+002 3.21587372e+002
    2.43453430e+002 3.52071472e+002 2.17568069e+002 3.83378296e+002
    1.90827744e+002 4.15601990e+002 1.62619110e+002 4.49387238e+002
    1.33638763e+002 4.83848663e+002 1.02933075e+002 5.19074402e+002
    6.29026062e+002 7.58342651e+002 5.64501892e+002 7.45859924e+002
    5.00678589e+002 7.32817261e+002 4.37487640e+002 7.19227417e+002
    3.74726715e+002 7.04729065e+002 3.12357178e+002 6.88812378e+002
    2.48256165e+002 6.71533630e+002 1.83693054e+002 6.52473389e+002
    1.16849808e+002 6.31771729e+002 6.31713928e+002 6.93152649e+002
    5.68648010e+002 6.81559875e+002 5.06503845e+002 6.69780945e+002
    4.45003601e+002 6.57522522e+002 3.84201447e+002 6.44880310e+002
    3.23787781e+002 6.30488464e+002 2.62591187e+002 6.14431885e+002
    2.01343246e+002 5.96226563e+002 1.38660919e+002 5.74875793e+002
    6.35200317e+002 6.31041321e+002 5.73448730e+002 6.20624634e+002
    5.12621765e+002 6.10169434e+002 4.52601410e+002 5.99397461e+002
    3.93477234e+002 5.88222473e+002 3.34966736e+002 5.76101196e+002
    2.75931366e+002 5.61769348e+002 2.17303040e+002 5.45121704e+002
    1.57486710e+002 5.25120544e+002 6.39459900e+002 5.71360657e+002
